2
4
7
13
18
25
31
33
36
39
44
49
51
54
56
58
63
67
72
76
81
85
90
94
99
104
106
108
113
118
123
127
136
142
147
152
158
163
168
174
180
182
185
190
195
202
208
215
220
227
232
237
242
248
253
261
266
271
276
279
281
284
289
293
296
300
305
309
314
318
321
326
331
333
335
339
341
348
353
358
363
368
371
375
378
383
387
393
397
401
405
408
410
413
418
422
429
434
436
440
444
451
455
459
464
474
483
486
495
500
507
513
518
520
522
526
530
534
538
545
549
557
564
567
574
578
583
588
590
595
599
602
607
612
614
618
623
630
635
639
644
647
653
655
659
664
666
668
672
677
682
684
688
698
702
706
708
713
717
719
725
730
735
740
747
752
760
765
771
777
782
788
795
801
808
814
819
824
829
834
841
846
852
858
866
875
881
888
893
898
906
912
916
921
925
929
934
938
944
948
953
958
962
967
973
978
983
988
993
997
1001
1005
1011
1015
1020
1024
1030
1037
1042
1048
1052
1056
1063
1068
